v = [2 33 3 345];
