% -------------------------------------------------------------------
%  Generated by MATLAB on 13-Oct-2021 16:30:55
%  MATLAB version: 9.9.0.1495850 (R2020b) Update 1
% -------------------------------------------------------------------
                                          

bestPath = [30 47 34 42 28 48 33 38 45 27 39 44 40 37 49 36 8 16 21 7 19 ...
            20 11 3 6 15 12 2 14 22 17 24 23 4 9 10 13 1 5 18 26 25 32 ...
            50 29 41 35 43 31 46];

